,error_euler,error_cdc_ensemble,cum_error_euler,cum_error_cdc_ensemble,target_prediction_date,prediction_made_date,euler_prediction_value,cdc_prediction_value,ground_truth_incidence
0,544.0,2791.0,544.0,2791.0,2020-08-22,2020-08-02,6710,8957.0,6166
1,901.0,2228.0,1445.0,5019.0,2020-08-29,2020-08-09,6794,8121.0,5893
2,1175.0,2121.0,2620.0,7140.0,2020-09-05,2020-08-16,6612,7558.0,5437
3,1470.0,1194.0,4090.0,8334.0,2020-09-12,2020-08-23,6192,5916.0,4722
4,783.0,103.0,4873.0,8437.0,2020-09-19,2020-08-30,5900,5220.0,5117
5,265.0,243.0,5138.0,8680.0,2020-09-26,2020-09-06,5383,4875.0,5118
6,184.0,976.0,5322.0,9656.0,2020-10-03,2020-09-13,4802,3642.0,4618
7,247.0,1014.0,5569.0,10670.0,2020-10-10,2020-09-20,4964,3703.0,4717
8,235.0,458.0,5804.0,11128.0,2020-10-17,2020-09-27,5017,4324.0,4782
9,725.0,963.0,6529.0,12091.0,2020-10-24,2020-10-04,4646,4408.0,5371
10,863.0,602.0,7392.0,12693.0,2020-10-31,2020-10-11,4702,4963.0,5565
11,1923.0,1736.0,9315.0,14429.0,2020-11-07,2020-10-18,4847,5034.0,6770
12,2056.0,1976.0,11371.0,16405.0,2020-11-14,2020-10-25,5339,5419.0,7395
13,4548.0,3062.0,15919.0,19467.0,2020-11-21,2020-11-01,5546,7032.0,10094
14,2999.0,1757.0,18918.0,21224.0,2020-11-28,2020-11-08,6776,8018.0,9775
15,7241.0,4549.0,26159.0,25773.0,2020-12-05,2020-11-15,7424,10116.0,14665
16,5882.0,9263.0,32041.0,35036.0,2020-12-12,2020-11-22,10341,25486.0,16223
17,7762.0,7140.0,39803.0,42176.0,2020-12-19,2020-11-29,9753,10375.0,17515
18,58.0,4906.0,39861.0,47082.0,2020-12-26,2020-12-06,14756,19720.0,14814
19,1223.0,1437.6834999999992,41084.0,48519.6835,2021-01-02,2020-12-13,16323,18983.6835,17546
20,3346.0,3209.8489999999983,44430.0,51729.5325,2021-01-09,2020-12-20,17635,17771.151,20981
21,6969.0,7307.081,51399.0,59036.6135,2021-01-16,2020-12-27,14455,14116.919,21424
22,2772.0,2559.4979999999996,54171.0,61596.1115,2021-01-23,2021-01-03,17106,17318.502,19878
23,876.0,307.0,55047.0,61903.1115,2021-01-30,2021-01-10,21105,20536.0,20229
24,2057.0,2947.0,57104.0,64850.1115,2021-02-06,2021-01-17,21579,22469.0,19522
25,3877.0,2844.0,60981.0,67694.1115,2021-02-13,2021-01-24,20171,19138.0,16294
26,8303.0,4572.0,69284.0,72266.1115,2021-02-20,2021-01-31,20417,16686.0,12114
27,6375.0,5322.0,75659.0,77588.1115,2021-02-27,2021-02-07,19222,18169.0,12847
28,5002.0,14052.0,80661.0,91640.1115,2021-03-06,2021-02-14,16041,25091.0,11039
29,4329.0,666.0,84990.0,92306.1115,2021-03-13,2021-02-21,12392,7397.0,8063
30,6108.0,1077.0,91098.0,93383.1115,2021-03-20,2021-02-28,12753,7722.0,6645
31,4078.0,2911.0,95176.0,96294.1115,2021-03-27,2021-03-07,10431,9264.0,6353
32,2415.0,1147.0,97591.0,97441.1115,2021-04-03,2021-03-14,7890,6622.0,5475
33,143.0,232.0,97734.0,97673.1115,2021-04-10,2021-03-21,6735,6824.0,6592
34,1531.0,2270.0,99265.0,99943.1115,2021-04-17,2021-03-28,6270,7009.0,4739
35,413.0,455.5,99678.0,100398.6115,2021-04-24,2021-04-04,5124,4255.5,4711
36,1831.0,3575.0,101509.0,103973.6115,2021-05-01,2021-04-11,6420,8164.0,4589
37,132.0,777.8333333333294,101641.0,104751.44483333333,2021-05-08,2021-04-18,4616,5261.833333333329,4484
38,653.0,111.0,102294.0,104862.44483333333,2021-05-15,2021-04-25,4501,3737.0,3848
39,776.0,1055.0,103070.0,105917.44483333333,2021-05-22,2021-05-02,4437,4716.0,3661
40,57.0,681.0,103127.0,106598.44483333333,2021-05-29,2021-05-09,4250,4988.0,4307
41,601.0,751.0,103728.0,107349.44483333333,2021-06-05,2021-05-16,3713,2361.0,3112
42,1107.0,439.0,104835.0,107788.44483333333,2021-06-12,2021-05-23,3457,1911.0,2350
43,2011.0,1713.0,106846.0,109501.44483333333,2021-06-19,2021-05-30,4018,3720.0,2007
44,1083.0,585.0,107929.0,110086.44483333333,2021-06-26,2021-06-06,3114,1446.0,2031
45,559.0,409.0,108488.0,110495.44483333333,2021-07-03,2021-06-13,2148,1998.0,1589
46,359.0,189.0,108847.0,110684.44483333333,2021-07-10,2021-06-20,1900,1352.0,1541
47,165.0,152.0,109012.0,110836.44483333333,2021-07-17,2021-06-27,1846,1529.0,1681
48,323.0,166.0,109335.0,111002.44483333333,2021-07-24,2021-07-04,1484,1641.0,1807
49,919.0,148.5,110254.0,111150.94483333333,2021-07-31,2021-07-11,1531,2598.5,2450
50,1751.0,1399.5,112005.0,112550.44483333333,2021-08-07,2021-07-18,1628,1979.5,3379
51,2765.0,2143.0,114770.0,114693.44483333333,2021-08-14,2021-07-25,1707,2329.0,4472
52,4646.0,1093.0,119416.0,115786.44483333333,2021-08-21,2021-08-01,2406,5959.0,7052
53,5705.0,3109.0,125121.0,118895.44483333333,2021-08-28,2021-08-08,3145,5741.0,8850
54,6607.0,3734.0,131728.0,122629.44483333333,2021-09-04,2021-08-15,4159,7032.0,10766
55,5268.0,237.0,136996.0,122866.44483333333,2021-09-11,2021-08-22,6194,11699.0,11462
56,5941.0,621.0,142937.0,123487.44483333333,2021-09-18,2021-08-29,7778,13098.0,13719
57,4597.0,523.0,147534.0,124010.44483333333,2021-09-25,2021-09-05,9429,13503.0,14026
58,2003.0,382.0,149537.0,124392.44483333333,2021-10-02,2021-09-12,11199,13584.0,13202
59,681.0,2962.0,150218.0,127354.44483333333,2021-10-09,2021-09-19,11911,14192.0,11230
60,1118.0,1291.0,151336.0,128645.44483333333,2021-10-16,2021-09-26,12290,9881.0,11172
61,108.0,1161.0,151444.0,129806.44483333333,2021-10-23,2021-10-03,11397,10344.0,11505
62,696.0,984.0,152140.0,130790.44483333333,2021-10-30,2021-10-10,9739,8059.0,9043
63,2232.0,327.0,154372.0,131117.4448333333,2021-11-06,2021-10-17,10520,7961.0,8288
64,1729.0,279.0,156101.0,131396.4448333333,2021-11-13,2021-10-24,10003,7995.0,8274
65,1801.0,2633.0,157902.0,134029.4448333333,2021-11-27,2021-11-07,7223,8055.0,5422
66,4223.0,1192.0,162125.0,135221.4448333333,2021-12-04,2021-11-14,7247,10278.0,11470
67,1621.0,2315.0,163746.0,137536.4448333333,2021-12-11,2021-11-21,6766,10702.0,8387
68,3887.0,1421.0,167633.0,138957.4448333333,2021-12-18,2021-11-28,4397,6863.0,8284
69,61.0,2742.0,167694.0,141699.4448333333,2021-12-25,2021-12-05,9845,12526.0,9784
