,error_euler,error_cdc_ensemble,cum_error_euler,cum_error_cdc_ensemble,target_prediction_date,prediction_made_date,euler_prediction_value,cdc_prediction_value,ground_truth_incidence
0,189.0,1807.0,189.0,1807.0,2020-08-15,2020-08-02,6710,8328.0,6521
1,628.0,1682.0,817.0,3489.0,2020-08-22,2020-08-09,6794,7848.0,6166
2,719.0,1594.0,1536.0,5083.0,2020-08-29,2020-08-16,6612,7487.0,5893
3,755.0,731.0,2291.0,5814.0,2020-09-05,2020-08-23,6192,6168.0,5437
4,1178.0,854.0,3469.0,6668.0,2020-09-12,2020-08-30,5900,5576.0,4722
5,266.0,5.0,3735.0,6673.0,2020-09-19,2020-09-06,5383,5122.0,5117
6,316.0,1078.0,4051.0,7751.0,2020-09-26,2020-09-13,4802,4040.0,5118
7,346.0,513.0,4397.0,8264.0,2020-10-03,2020-09-20,4964,4105.0,4618
8,300.0,271.0,4697.0,8535.0,2020-10-10,2020-09-27,5017,4446.0,4717
9,136.0,249.0,4833.0,8784.0,2020-10-17,2020-10-04,4646,4533.0,4782
10,669.0,370.0,5502.0,9154.0,2020-10-24,2020-10-11,4702,5001.0,5371
11,718.0,539.0,6220.0,9693.0,2020-10-31,2020-10-18,4847,5026.0,5565
12,1431.0,1365.0,7651.0,11058.0,2020-11-07,2020-10-25,5339,5405.0,6770
13,1849.0,769.0,9500.0,11827.0,2020-11-14,2020-11-01,5546,6626.0,7395
14,3318.0,2660.0,12818.0,14487.0,2020-11-21,2020-11-08,6776,7434.0,10094
15,2351.0,676.0,15169.0,15163.0,2020-11-28,2020-11-15,7424,9099.0,9775
16,4324.0,4110.0,19493.0,19273.0,2020-12-05,2020-11-22,10341,18775.0,14665
17,6470.0,5739.0,25963.0,25012.0,2020-12-12,2020-11-29,9753,10484.0,16223
18,2759.0,654.0,28722.0,25666.0,2020-12-19,2020-12-06,14756,16861.0,17515
19,1509.0,2310.4350000000013,30231.0,27976.435,2020-12-26,2020-12-13,16323,17124.435,14814
20,89.0,544.0499999999993,30320.0,28520.485,2021-01-02,2020-12-20,17635,17001.95,17546
21,6526.0,6574.692499999999,36846.0,35095.1775,2021-01-09,2020-12-27,14455,14406.3075,20981
22,4318.0,5169.754999999999,41164.0,40264.932499999995,2021-01-16,2021-01-03,17106,16254.245,21424
23,1227.0,1882.0,42391.0,42146.932499999995,2021-01-23,2021-01-10,21105,17996.0,19878
24,1350.0,1974.0,43741.0,44120.932499999995,2021-01-30,2021-01-17,21579,22203.0,20229
25,649.0,1649.0,44390.0,45769.932499999995,2021-02-06,2021-01-24,20171,21171.0,19522
26,4123.0,2455.0,48513.0,48224.932499999995,2021-02-13,2021-01-31,20417,18749.0,16294
27,7108.0,7109.0,55621.0,55333.932499999995,2021-02-20,2021-02-07,19222,19223.0,12114
28,3194.0,10823.0,58815.0,66156.9325,2021-02-27,2021-02-14,16041,23670.0,12847
29,1353.0,2170.0,60168.0,68326.9325,2021-03-06,2021-02-21,12392,8869.0,11039
30,4690.0,474.0,64858.0,68800.9325,2021-03-13,2021-02-28,12753,8537.0,8063
31,3786.0,3582.0,68644.0,72382.9325,2021-03-20,2021-03-07,10431,10227.0,6645
32,1537.0,1347.0,70181.0,73729.9325,2021-03-27,2021-03-14,7890,7700.0,6353
33,1260.0,1594.0,71441.0,75323.9325,2021-04-03,2021-03-21,6735,7069.0,5475
34,322.0,90.0,71763.0,75413.9325,2021-04-10,2021-03-28,6270,6502.0,6592
35,385.0,414.0,72148.0,75827.9325,2021-04-17,2021-04-04,5124,4325.0,4739
36,1709.0,3060.0,73857.0,78887.9325,2021-04-24,2021-04-11,6420,7771.0,4711
37,27.0,872.6666666666706,73884.0,79760.59916666667,2021-05-01,2021-04-18,4616,5461.666666666671,4589
38,17.0,456.0,73901.0,80216.59916666667,2021-05-08,2021-04-25,4501,4028.0,4484
39,589.0,1150.0,74490.0,81366.59916666667,2021-05-15,2021-05-02,4437,4998.0,3848
40,589.0,1288.0,75079.0,82654.59916666667,2021-05-22,2021-05-09,4250,4949.0,3661
41,594.0,1440.0,75673.0,84094.59916666667,2021-05-29,2021-05-16,3713,2867.0,4307
42,345.0,680.0,76018.0,84774.59916666667,2021-06-05,2021-05-23,3457,2432.0,3112
43,1668.0,1504.0,77686.0,86278.59916666667,2021-06-12,2021-05-30,4018,3854.0,2350
44,1107.0,107.0,78793.0,86385.59916666667,2021-06-19,2021-06-06,3114,1900.0,2007
45,117.0,93.0,78910.0,86478.59916666667,2021-06-26,2021-06-13,2148,2124.0,2031
46,311.0,75.0,79221.0,86553.59916666667,2021-07-03,2021-06-20,1900,1514.0,1589
47,305.0,97.0,79526.0,86650.59916666667,2021-07-10,2021-06-27,1846,1638.0,1541
48,197.0,67.0,79723.0,86717.59916666667,2021-07-17,2021-07-04,1484,1614.0,1681
49,276.0,228.0,79999.0,86945.59916666667,2021-07-24,2021-07-11,1531,2035.0,1807
50,822.0,468.0,80821.0,87413.59916666667,2021-07-31,2021-07-18,1628,1982.0,2450
51,1672.0,1203.0,82493.0,88616.59916666667,2021-08-07,2021-07-25,1707,2176.0,3379
52,2066.0,7.0,84559.0,88623.59916666667,2021-08-14,2021-08-01,2406,4465.0,4472
53,3907.0,2197.0,88466.0,90820.59916666667,2021-08-21,2021-08-08,3145,4855.0,7052
54,4691.0,2548.0,93157.0,93368.59916666667,2021-08-28,2021-08-15,4159,6302.0,8850
55,4572.0,712.0,97729.0,94080.59916666667,2021-09-04,2021-08-22,6194,10054.0,10766
56,3684.0,20.0,101413.0,94100.59916666667,2021-09-11,2021-08-29,7778,11482.0,11462
57,4290.0,1129.0,105703.0,95229.59916666667,2021-09-18,2021-09-05,9429,12590.0,13719
58,2827.0,918.0,108530.0,96147.59916666667,2021-09-25,2021-09-12,11199,13108.0,14026
59,1291.0,759.0,109821.0,96906.59916666667,2021-10-02,2021-09-19,11911,13961.0,13202
60,1060.0,623.0,110881.0,97529.59916666667,2021-10-09,2021-09-26,12290,10607.0,11230
61,225.0,372.0,111106.0,97901.59916666667,2021-10-16,2021-10-03,11397,10800.0,11172
62,1766.0,2346.0,112872.0,100247.59916666667,2021-10-23,2021-10-10,9739,9159.0,11505
63,1477.0,365.0,114349.0,100612.59916666667,2021-10-30,2021-10-17,10520,8678.0,9043
64,1715.0,670.0,116064.0,101282.59916666667,2021-11-06,2021-10-24,10003,8958.0,8288
65,617.0,359.0,116681.0,101641.59916666667,2021-11-20,2021-11-07,7223,8199.0,7840
66,1825.0,3126.0,118506.0,104767.59916666667,2021-11-27,2021-11-14,7247,8548.0,5422
67,4704.0,1928.0,123210.0,106695.59916666667,2021-12-04,2021-11-21,6766,9542.0,11470
68,3990.0,1021.0,127200.0,107716.59916666667,2021-12-11,2021-11-28,4397,7366.0,8387
69,1561.0,2469.0,128761.0,110185.59916666667,2021-12-18,2021-12-05,9845,10753.0,8284
70,2446.0,1735.0,131207.0,111920.59916666667,2021-12-25,2021-12-12,7338,11519.0,9784
