,error_euler,error_cdc_ensemble,cum_error_euler,cum_error_cdc_ensemble,target_prediction_date,prediction_made_date,euler_prediction_value,cdc_prediction_value,ground_truth_incidence
0,382.50130235545294,2791.0,382.50130235545294,2791.0,2020-08-22,2020-08-02,6548.501302355453,8957.0,6166
1,790.5185414261477,2228.0,1173.0198437816007,5019.0,2020-08-29,2020-08-09,6683.518541426148,8121.0,5893
2,1088.7892984871924,2121.0,2261.809142268793,7140.0,2020-09-05,2020-08-16,6525.789298487192,7558.0,5437
3,1274.7889720340736,1194.0,3536.5981143028666,8334.0,2020-09-12,2020-08-23,5996.788972034074,5916.0,4722
4,619.3522666882636,103.0,4155.95038099113,8437.0,2020-09-19,2020-08-30,5736.352266688264,5220.0,5117
5,86.73975357962445,243.0,4242.690134570755,8680.0,2020-09-26,2020-09-06,5204.739753579624,4875.0,5118
6,159.35781335529373,976.0,4402.047947926048,9656.0,2020-10-03,2020-09-13,4777.357813355294,3642.0,4618
7,32.20623390686069,1014.0,4434.254181832909,10670.0,2020-10-10,2020-09-20,4749.206233906861,3703.0,4717
8,115.06316651564975,458.0,4549.317348348559,11128.0,2020-10-17,2020-09-27,4897.06316651565,4324.0,4782
9,870.9593077547106,963.0,5420.2766561032695,12091.0,2020-10-24,2020-10-04,4500.040692245289,4408.0,5371
10,869.1547859374086,602.0,6289.431442040678,12693.0,2020-10-31,2020-10-11,4695.845214062591,4963.0,5565
11,1941.4132151551512,1736.0,8230.84465719583,14429.0,2020-11-07,2020-10-18,4828.586784844849,5034.0,6770
12,2071.0727392212366,1976.0,10301.917396417066,16405.0,2020-11-14,2020-10-25,5323.927260778763,5419.0,7395
13,4594.051575212111,3062.0,14895.968971629176,19467.0,2020-11-21,2020-11-01,5499.948424787889,7032.0,10094
14,2994.6138772596732,1757.0,17890.58284888885,21224.0,2020-11-28,2020-11-08,6780.386122740327,8018.0,9775
15,7203.877287941257,4549.0,25094.46013683011,25773.0,2020-12-05,2020-11-15,7461.122712058743,10116.0,14665
16,5499.912092140732,9263.0,30594.37222897084,35036.0,2020-12-12,2020-11-22,10723.087907859268,25486.0,16223
17,8231.001793267891,7140.0,38825.37402223873,42176.0,2020-12-19,2020-11-29,9283.998206732109,10375.0,17515
18,535.3766668955777,4906.0,39360.75068913431,47082.0,2020-12-26,2020-12-06,15349.376666895578,19720.0,14814
19,1229.5429025302474,1437.6834999999992,40590.29359166455,48519.6835,2021-01-02,2020-12-13,16316.457097469753,18983.6835,17546
20,3465.5800860769523,3209.8489999999983,44055.8736777415,51729.5325,2021-01-09,2020-12-20,17515.419913923048,17771.151,20981
21,8013.841610725856,7307.081,52069.715288467356,59036.6135,2021-01-16,2020-12-27,13410.158389274144,14116.919,21424
22,2921.977065212799,2559.4979999999996,54991.692353680155,61596.1115,2021-01-23,2021-01-03,16956.0229347872,17318.502,19878
23,1254.0315785959283,307.0,56245.72393227609,61903.1115,2021-01-30,2021-01-10,21483.03157859593,20536.0,20229
24,1626.6502668793655,2947.0,57872.374199155456,64850.1115,2021-02-06,2021-01-17,21148.650266879366,22469.0,19522
25,3803.197951011949,2844.0,61675.572150167405,67694.1115,2021-02-13,2021-01-24,20097.19795101195,19138.0,16294
26,7795.334722627424,4572.0,69470.90687279483,72266.1115,2021-02-20,2021-01-31,19909.334722627424,16686.0,12114
27,5698.779664818514,5322.0,75169.68653761335,77588.1115,2021-02-27,2021-02-07,18545.779664818514,18169.0,12847
28,4014.9570469706996,14052.0,79184.64358458405,91640.1115,2021-03-06,2021-02-14,15053.9570469707,25091.0,11039
29,3952.152761916879,666.0,83136.79634650092,92306.1115,2021-03-13,2021-02-21,12015.15276191688,7397.0,8063
30,5687.775597721662,1077.0,88824.57194422258,93383.1115,2021-03-20,2021-02-28,12332.775597721662,7722.0,6645
31,3322.1800316399094,2911.0,92146.75197586248,96294.1115,2021-03-27,2021-03-07,9675.18003163991,9264.0,6353
32,1750.424189035789,1147.0,93897.17616489828,97441.1115,2021-04-03,2021-03-14,7225.424189035789,6622.0,5475
33,65.26550670708366,232.0,93962.44167160537,97673.1115,2021-04-10,2021-03-21,6526.734493292916,6824.0,6592
34,1290.286864684439,2270.0,95252.72853628981,99943.1115,2021-04-17,2021-03-28,6029.286864684439,7009.0,4739
35,32.423361473124714,455.5,95285.15189776293,100398.6115,2021-04-24,2021-04-04,4743.423361473125,4255.5,4711
36,1625.3936394708398,3575.0,96910.54553723377,103973.6115,2021-05-01,2021-04-11,6214.39363947084,8164.0,4589
37,216.68320453504657,777.8333333333294,97127.22874176882,104751.44483333333,2021-05-08,2021-04-18,4267.316795464953,5261.833333333329,4484
38,544.1717193459208,111.0,97671.40046111474,104862.44483333333,2021-05-15,2021-04-25,4392.171719345921,3737.0,3848
39,684.4843586161951,1055.0,98355.88481973094,105917.44483333333,2021-05-22,2021-05-02,4345.484358616195,4716.0,3661
40,285.07250191451885,681.0,98640.95732164546,106598.44483333333,2021-05-29,2021-05-09,4021.927498085481,4988.0,4307
41,407.4941454005493,751.0,99048.451467046,107349.44483333333,2021-06-05,2021-05-16,3519.4941454005493,2361.0,3112
42,913.009676691373,439.0,99961.46114373738,107788.44483333333,2021-06-12,2021-05-23,3263.009676691373,1911.0,2350
43,1828.5229729797143,1713.0,101789.9841167171,109501.44483333333,2021-06-19,2021-05-30,3835.5229729797143,3720.0,2007
44,905.9324013463256,585.0,102695.91651806342,110086.44483333333,2021-06-26,2021-06-06,2936.9324013463256,1446.0,2031
45,361.3178923039918,409.0,103057.23441036741,110495.44483333333,2021-07-03,2021-06-13,1950.3178923039918,1998.0,1589
46,273.84329072570245,189.0,103331.07770109312,110684.44483333333,2021-07-10,2021-06-20,1814.8432907257024,1352.0,1541
47,46.84154214473597,152.0,103377.91924323786,110836.44483333333,2021-07-17,2021-06-27,1727.841542144736,1529.0,1681
48,466.6490652538091,166.0,103844.56830849167,111002.44483333333,2021-07-24,2021-07-04,1340.350934746191,1641.0,1807
49,947.7470712064339,148.5,104792.3153796981,111150.94483333333,2021-07-31,2021-07-11,1502.252928793566,2598.5,2450
50,1822.5154855015594,1399.5,106614.83086519966,112550.44483333333,2021-08-07,2021-07-18,1556.4845144984406,1979.5,3379
51,2812.3778724574395,2143.0,109427.2087376571,114693.44483333333,2021-08-14,2021-07-25,1659.6221275425603,2329.0,4472
52,4591.514180956531,1093.0,114018.72291861362,115786.44483333333,2021-08-21,2021-08-01,2460.485819043469,5959.0,7052
53,5743.376958998884,3109.0,119762.0998776125,118895.44483333333,2021-08-28,2021-08-08,3106.623041001116,5741.0,8850
54,6751.065372244138,3734.0,126513.16524985664,122629.44483333333,2021-09-04,2021-08-15,4014.934627755862,7032.0,10766
55,5380.625231231973,237.0,131893.79048108862,122866.44483333333,2021-09-11,2021-08-22,6081.374768768027,11699.0,11462
56,6304.680102937874,621.0,138198.4705840265,123487.44483333333,2021-09-18,2021-08-29,7414.319897062126,13098.0,13719
57,5038.818764403777,523.0,143237.2893484303,124010.44483333333,2021-09-25,2021-09-05,8987.181235596223,13503.0,14026
58,2411.397422898921,382.0,145648.6867713292,124392.44483333333,2021-10-02,2021-09-12,10790.602577101079,13584.0,13202
59,6.622140093983035,2962.0,145655.3089114232,127354.44483333333,2021-10-09,2021-09-19,11223.377859906017,14192.0,11230
60,218.3408517878761,1291.0,145873.64976321108,128645.44483333333,2021-10-16,2021-09-26,11390.340851787876,9881.0,11172
61,1165.0050576294052,1161.0,147038.6548208405,129806.44483333333,2021-10-23,2021-10-03,10339.994942370595,10344.0,11505
62,366.1078711627506,984.0,147404.76269200325,130790.44483333333,2021-10-30,2021-10-10,8676.89212883725,8059.0,9043
63,1485.9370932669135,327.0,148890.69978527018,131117.4448333333,2021-11-06,2021-10-17,9773.937093266914,7961.0,8288
64,758.1037640493923,279.0,149648.80354931956,131396.4448333333,2021-11-13,2021-10-24,9032.103764049392,7995.0,8274
65,1250.552303874675,2633.0,150899.35585319423,134029.4448333333,2021-11-27,2021-11-07,6672.552303874675,8055.0,5422
66,4689.343540457557,1192.0,155588.69939365177,135221.4448333333,2021-12-04,2021-11-14,6780.656459542443,10278.0,11470
67,2261.6607968612952,2315.0,157850.36019051308,137536.4448333333,2021-12-11,2021-11-21,6125.339203138705,10702.0,8387
68,4907.351125206176,1421.0,162757.71131571927,138957.4448333333,2021-12-18,2021-11-28,3376.6488747938233,6863.0,8284
69,116.07996717263813,2742.0,162873.7912828919,141699.4448333333,2021-12-25,2021-12-05,9900.079967172638,12526.0,9784
